4157984
4182987
4092949
3733467
4039363
4112742
4219485
4287563
3950969
3898918
3751689
3554285
3273274
2975824
2669546
2396335
2176834
2003065
1887310
1726300
1621525
1454510
1343690
1251547
1175027
1109441
967384
941079
897247
848723
839049
759283
722934
708995
640309
616686
612037
577468
601408
561571
541280
586376
532805
506460
451414
448140
462790
472718
460592
457593
436548
432118
473974
448009
413905
435248
444235
399373
420932
393440
406338
390116
419191
411927
413810
427373
418402
401795
425143
398130
388845
428584
403640
384701
343823
381127
385686
404069
374487
385960
406459
362136
353752
389132
379666
400156
415931
358268
392386
364635
358229
368092
372468
346658
345516
369225
351978
369234
395846
336690
365626
323698
387833
382419
356138
378013
370384
369068
375112
377841
343840
374774
337286
353975
360125
350131
320942
333929
347451
325482
365093
349634
379493
358219
339190
334503
346472
365177
354530
335861
327505
356139
293391
341019
343112
360731
336098
341974
324442
347910
340544
340025
332164
338950
348423
352877
343461
335893
315343
326567
363043
353388
362567
322672
339134
322749
339197
312846
335712
362942
334083
360245
335283
318948
321798
334046
337968
305676
372023
300536
327067
327268
344254
326412
313050
354900
311500
348785
329031
318892
329372
327458
326173
321653
322871
294047
332782
314924
337905
304478
332796
320421
308906
337151
330258
327499
284672
310840
313205
319290
335107
309820
332096
302553
305288
307426
337880
333225
304925
324340
327048
301941
318780
334107
304724
327782
329449
315545
330844
301156
298958
301475
330154
325071
300293
308400
310793
297751
309394
306533
311127
312378
309455
309949
299369
288080
306099
326619
322318
321456
288249
309990
322022
309454
332377
312160
319346
310358
292984
318605
322871
313161
301159
314556
286938
292818
290397
323678
313457
300927
299688
314820
318555
303836
324308
328094
299716
326460
290795
300536
316831
278489
324978
311114
276424
315208
308940
298017
318136
309414
319407
320767
277984
305972
299562
297819
289754
321121
302911
267867
298669
277651
273005
322439
297659
313394
303142
298877
320518
305759
283396
306142
298870
283971
320605
311118
277062
321698
301076
293160
304379
293161
309680
291810
304834
300588
277102
296234
290521
297337
330604
316020
313912
313049
289431
296682
305376
303432
321565
307367
302534
323007
280931
297096
303010
291740
312544
305324
295632
302221
296043
336445
309503
292958
319949
284022
309142
302421
304723
314499
320892
312377
323442
305108
309103
310898
289821
314452
301174
319871
305830
319292
295219
283491
331037
325214
324213
300777
299184
347664
296919
308327
303425
291044
329624
312794
302845
307538
304948
312279
314197
308359
289484
312918
308743
321118
299082
322369
321561
298179
291089
301728
293170
316942
320104
297635
303810
299992
309607
302222
328320
302222
309607
299992
303810
297635
320104
316942
293170
301728
291089
298179
321561
322369
299082
321118
308743
312918
289484
308359
314197
312279
304948
307538
302845
312794
329624
291044
303425
308327
296919
347664
299184
300777
324213
325214
331037
283491
295219
319292
305830
319871
301174
314452
289821
310898
309103
305108
323442
312377
320892
314499
304723
302421
309142
284022
319949
292958
309503
336445
296043
302221
295632
305324
312544
291740
303010
297096
280931
323007
302534
307367
321565
303432
305376
296682
289431
313049
313912
316020
330604
297337
290521
296234
277102
300588
304834
291810
309680
293161
304379
293160
301076
321698
277062
311118
320605
283971
298870
306142
283396
305759
320518
298877
303142
313394
297659
322439
273005
277651
298669
267867
302911
321121
289754
297819
299562
305972
277984
320767
319407
309414
318136
298017
308940
315208
276424
311114
324978
278489
316831
300536
290795
326460
299716
328094
324308
303836
318555
314820
299688
300927
313457
323678
290397
292818
286938
314556
301159
313161
322871
318605
292984
310358
319346
312160
332377
309454
322022
309990
288249
321456
322318
326619
306099
288080
299369
309949
309455
312378
311127
306533
309394
297751
310793
308400
300293
325071
330154
301475
298958
301156
330844
315545
329449
327782
304724
334107
318780
301941
327048
324340
304925
333225
337880
307426
305288
302553
332096
309820
335107
319290
313205
310840
284672
327499
330258
337151
308906
320421
332796
304478
337905
314924
332782
294047
322871
321653
326173
327458
329372
318892
329031
348785
311500
354900
313050
326412
344254
327268
327067
300536
372023
305676
337968
334046
321798
318948
335283
360245
334083
362942
335712
312846
339197
322749
339134
322672
362567
353388
363043
326567
315343
335893
343461
352877
348423
338950
332164
340025
340544
347910
324442
341974
336098
360731
343112
341019
293391
356139
327505
335861
354530
365177
346472
334503
339190
358219
379493
349634
365093
325482
347451
333929
320942
350131
360125
353975
337286
374774
343840
377841
375112
369068
370384
378013
356138
382419
387833
323698
365626
336690
395846
369234
351978
369225
345516
346658
372468
368092
358229
364635
392386
358268
415931
400156
379666
389132
353752
362136
406459
385960
374487
404069
385686
381127
343823
384701
403640
428584
388845
398130
425143
401795
418402
427373
413810
411927
419191
390116
406338
393440
420932
399373
444235
435248
413905
448009
473974
432118
436548
457593
460592
472718
462790
448140
451414
506460
532805
586376
541280
561571
601408
577468
612037
616686
640309
708995
722934
759283
839049
848723
897247
941079
967384
1109441
1175027
1251547
1343690
1454510
1621525
1726300
1887310
2003065
2176834
2396335
2669546
2975824
3273274
3554285
3751689
3898918
3950969
4287563
4219485
4112742
4039363
3733467
4092949
4182987
