3854884
4201891
3986927
4006244
3621351
3198549
2851255
2508127
2230924
2044349
1875834
1666563
1496049
1339680
1256869
1131257
1077101
941039
897840
883744
797418
734401
629094
626535
601643
582348
545609
538092
527438
503698
478517
488380
462781
459884
433453
436968
411697
439118
411307
416530
396517
380765
382824
407793
390775
387907
380978
368857
368445
395231
364172
380402
400144
393906
363297
378279
376619
380380
377830
389737
351660
360858
370274
356072
364493
396553
360637
336798
389453
365422
365541
351440
365507
352688
334722
347152
344631
369305
344960
384018
336753
342792
358450
342233
358083
358036
350646
371396
358622
339716
331765
350417
315544
360402
342461
361680
345265
334847
353805
350614
340335
362067
319082
354923
316107
318073
358838
350813
343322
349586
333840
356797
365531
359950
313650
334877
337567
357493
344525
338269
347224
328807
338144
347431
333630
332580
346295
342185
364029
358224
342752
341392
331943
333899
355900
332970
328910
350030
326952
313732
317744
323382
319158
325535
330046
334111
359338
311171
315152
318051
325752
345359
303228
322165
357045
329462
334644
332997
327521
334258
358574
321824
329959
301766
337061
314993
318879
318526
310611
347791
347053
322034
340018
324005
324157
321452
304195
316751
319627
323552
303142
337447
340185
328609
356169
320806
341984
311723
345194
309398
326536
298656
330405
316583
314458
335792
288709
307590
305016
305493
309894
343649
310966
364293
310717
301007
284615
345037
289743
327929
319203
293295
324840
295886
295183
326164
296101
303873
296575
285399
290252
306419
306372
298511
305816
298874
315244
331907
326797
301448
326679
289203
324639
299173
306160
288536
317828
327256
324219
293295
300082
319224
308205
312969
282880
295813
302883
305925
319014
297413
298180
293847
307506
301981
320596
308719
310459
305471
290926
315696
318437
297635
311721
294972
312229
310312
312953
302539
327926
322411
309108
323134
311990
283189
303510
311772
341738
312014
304147
309853
280400
309489
298178
291522
330523
323453
286860
311820
300266
279228
291531
293540
309277
279427
304178
314491
318148
323004
306283
307100
277414
289265
292613
316817
296255
293301
300225
292399
301043
298078
313322
289835
300593
285882
325066
312943
305521
280423
298995
285344
296591
305321
327889
275194
311267
296493
303967
308034
293740
313268
302737
303747
285338
286112
304196
290014
278319
284659
285316
333106
303635
318372
319470
288619
296682
295198
315700
295573
321361
305600
323011
304489
298920
292807
274453
295935
297648
282607
303106
335303
270881
313077
324216
279985
283473
306865
305705
309124
291740
308871
301217
298122
314588
284399
302137
313513
294448
303918
274307
296982
302422
321461
281477
293774
302418
312916
301917
294060
295409
323511
270799
309530
303403
315162
331874
325163
298069
291430
311912
318684
272380
318684
311912
291430
298069
325163
331874
315162
303403
309530
270799
323511
295409
294060
301917
312916
302418
293774
281477
321461
302422
296982
274307
303918
294448
313513
302137
284399
314588
298122
301217
308871
291740
309124
305705
306865
283473
279985
324216
313077
270881
335303
303106
282607
297648
295935
274453
292807
298920
304489
323011
305600
321361
295573
315700
295198
296682
288619
319470
318372
303635
333106
285316
284659
278319
290014
304196
286112
285338
303747
302737
313268
293740
308034
303967
296493
311267
275194
327889
305321
296591
285344
298995
280423
305521
312943
325066
285882
300593
289835
313322
298078
301043
292399
300225
293301
296255
316817
292613
289265
277414
307100
306283
323004
318148
314491
304178
279427
309277
293540
291531
279228
300266
311820
286860
323453
330523
291522
298178
309489
280400
309853
304147
312014
341738
311772
303510
283189
311990
323134
309108
322411
327926
302539
312953
310312
312229
294972
311721
297635
318437
315696
290926
305471
310459
308719
320596
301981
307506
293847
298180
297413
319014
305925
302883
295813
282880
312969
308205
319224
300082
293295
324219
327256
317828
288536
306160
299173
324639
289203
326679
301448
326797
331907
315244
298874
305816
298511
306372
306419
290252
285399
296575
303873
296101
326164
295183
295886
324840
293295
319203
327929
289743
345037
284615
301007
310717
364293
310966
343649
309894
305493
305016
307590
288709
335792
314458
316583
330405
298656
326536
309398
345194
311723
341984
320806
356169
328609
340185
337447
303142
323552
319627
316751
304195
321452
324157
324005
340018
322034
347053
347791
310611
318526
318879
314993
337061
301766
329959
321824
358574
334258
327521
332997
334644
329462
357045
322165
303228
345359
325752
318051
315152
311171
359338
334111
330046
325535
319158
323382
317744
313732
326952
350030
328910
332970
355900
333899
331943
341392
342752
358224
364029
342185
346295
332580
333630
347431
338144
328807
347224
338269
344525
357493
337567
334877
313650
359950
365531
356797
333840
349586
343322
350813
358838
318073
316107
354923
319082
362067
340335
350614
353805
334847
345265
361680
342461
360402
315544
350417
331765
339716
358622
371396
350646
358036
358083
342233
358450
342792
336753
384018
344960
369305
344631
347152
334722
352688
365507
351440
365541
365422
389453
336798
360637
396553
364493
356072
370274
360858
351660
389737
377830
380380
376619
378279
363297
393906
400144
380402
364172
395231
368445
368857
380978
387907
390775
407793
382824
380765
396517
416530
411307
439118
411697
436968
433453
459884
462781
488380
478517
503698
527438
538092
545609
582348
601643
626535
629094
734401
797418
883744
897840
941039
1077101
1131257
1256869
1339680
1496049
1666563
1875834
2044349
2230924
2508127
2851255
3198549
3621351
4006244
3986927
4201891
