3271681
4055830
4190042
4089128
4041867
3505506
3127227
2807932
2503074
2233631
2047416
1851126
1682129
1527523
1351835
1266258
1141743
1059538
967046
936161
819515
811975
724241
689569
656753
651214
566712
567108
549319
542435
561606
497829
432844
467568
464920
486158
451233
421115
430573
400756
419089
402360
429816
386290
403053
385157
418130
383235
397968
366731
408716
395180
390557
434162
362685
374051
386356
422788
403074
395240
371951
407794
388824
384080
365014
377502
369691
360033
387876
348077
369998
383101
389951
349924
368890
389966
356145
389487
325865
367928
372509
343888
317287
353889
344042
344087
343825
364658
398374
328819
345305
336951
378732
368572
355074
357860
350983
350076
348050
353005
365729
363146
318087
383099
344524
320259
338882
374005
364936
327968
336426
356756
339289
370446
327670
348004
326007
333932
328007
358721
357173
363160
345494
347084
332492
346133
328570
329175
328949
373216
344709
352905
385274
344548
341130
323659
350767
331214
339080
321533
331767
335116
344329
343745
353333
371845
302089
336730
319813
339626
333533
328683
316311
332721
352838
375817
310111
297712
346961
317455
319840
338424
320896
329210
304988
330706
334362
310595
328302
325243
337290
319361
316086
311047
330179
317190
332924
319237
344010
303868
296890
308617
318777
310159
324073
309224
312002
307452
322845
335826
324670
333204
307393
309755
328503
320703
307805
331005
298234
310976
315049
320456
295238
337028
306782
310367
317352
305086
320407
304081
316760
333239
300405
293815
294902
304789
321487
331942
319429
321522
316567
324068
321827
311933
338721
297111
309983
339902
297620
319697
312134
320440
329881
301623
326613
300346
293786
320316
304660
338691
305840
307722
302047
298836
310974
310086
311541
330990
307871
335609
315194
317873
322333
316399
313762
304880
320365
292036
291782
336937
309057
313721
321033
315800
301613
304092
295319
305006
293312
294746
319076
330064
315291
290584
285309
340302
269673
298870
269845
304016
296754
312233
305894
331745
305932
321580
295943
311611
288855
303634
308932
358020
305964
312256
301653
306469
317621
303205
298743
323790
292159
328679
299065
279416
318790
307328
307122
322226
296362
303998
315137
294183
298757
307944
289547
281964
313418
310817
311808
294201
326872
307294
338493
312581
312600
303573
299008
287668
321507
313133
308147
296575
317259
336402
299115
298405
301546
326599
319998
310174
301408
320934
310874
307206
299468
325121
329975
308183
298137
301349
321447
283981
307070
308907
280967
312005
303949
288210
303846
292973
322648
329410
304442
300750
320408
316771
299232
329122
318241
297579
313933
296921
305743
306669
299311
301545
299724
320141
296251
303680
312101
324957
315461
291961
319416
275531
317964
313645
284111
309033
339087
297025
285118
322608
304319
301211
306086
299267
284661
320243
271453
320243
284661
299267
306086
301211
304319
322608
285118
297025
339087
309033
284111
313645
317964
275531
319416
291961
315461
324957
312101
303680
296251
320141
299724
301545
299311
306669
305743
296921
313933
297579
318241
329122
299232
316771
320408
300750
304442
329410
322648
292973
303846
288210
303949
312005
280967
308907
307070
283981
321447
301349
298137
308183
329975
325121
299468
307206
310874
320934
301408
310174
319998
326599
301546
298405
299115
336402
317259
296575
308147
313133
321507
287668
299008
303573
312600
312581
338493
307294
326872
294201
311808
310817
313418
281964
289547
307944
298757
294183
315137
303998
296362
322226
307122
307328
318790
279416
299065
328679
292159
323790
298743
303205
317621
306469
301653
312256
305964
358020
308932
303634
288855
311611
295943
321580
305932
331745
305894
312233
296754
304016
269845
298870
269673
340302
285309
290584
315291
330064
319076
294746
293312
305006
295319
304092
301613
315800
321033
313721
309057
336937
291782
292036
320365
304880
313762
316399
322333
317873
315194
335609
307871
330990
311541
310086
310974
298836
302047
307722
305840
338691
304660
320316
293786
300346
326613
301623
329881
320440
312134
319697
297620
339902
309983
297111
338721
311933
321827
324068
316567
321522
319429
331942
321487
304789
294902
293815
300405
333239
316760
304081
320407
305086
317352
310367
306782
337028
295238
320456
315049
310976
298234
331005
307805
320703
328503
309755
307393
333204
324670
335826
322845
307452
312002
309224
324073
310159
318777
308617
296890
303868
344010
319237
332924
317190
330179
311047
316086
319361
337290
325243
328302
310595
334362
330706
304988
329210
320896
338424
319840
317455
346961
297712
310111
375817
352838
332721
316311
328683
333533
339626
319813
336730
302089
371845
353333
343745
344329
335116
331767
321533
339080
331214
350767
323659
341130
344548
385274
352905
344709
373216
328949
329175
328570
346133
332492
347084
345494
363160
357173
358721
328007
333932
326007
348004
327670
370446
339289
356756
336426
327968
364936
374005
338882
320259
344524
383099
318087
363146
365729
353005
348050
350076
350983
357860
355074
368572
378732
336951
345305
328819
398374
364658
343825
344087
344042
353889
317287
343888
372509
367928
325865
389487
356145
389966
368890
349924
389951
383101
369998
348077
387876
360033
369691
377502
365014
384080
388824
407794
371951
395240
403074
422788
386356
374051
362685
434162
390557
395180
408716
366731
397968
383235
418130
385157
403053
386290
429816
402360
419089
400756
430573
421115
451233
486158
464920
467568
432844
497829
561606
542435
549319
567108
566712
651214
656753
689569
724241
811975
819515
936161
967046
1059538
1141743
1266258
1351835
1527523
1682129
1851126
2047416
2233631
2503074
2807932
3127227
3505506
4041867
4089128
4190042
4055830
