2820636
2704798
2436239
2148729
1889842
1631736
1381611
1308769
1159075
1032103
951368
877743
812834
766145
681600
660721
650848
567127
550330
522187
514201
462706
420019
460618
440239
416883
409123
409725
408416
382423
386901
431188
404677
398081
404137
380862
408956
373070
371983
371851
370914
369753
401079
367796
392676
379099
359573
378253
361804
381096
357450
418096
355491
378393
355540
373154
371214
405047
387803
339209
378708
369470
393167
408012
358468
376971
371930
367178
366432
385674
398751
335311
370586
354676
375473
359740
342594
361316
369228
385219
364242
387448
337204
368380
371033
369683
376381
349884
402329
353563
351942
364087
369941
366223
334286
370775
349329
353962
339209
380010
340857
360943
346792
362030
377198
345317
338592
332203
372456
357217
363993
396849
356676
347432
349725
344647
372504
372560
354173
358828
387658
365707
354292
365701
351358
357351
377275
347815
378567
349648
355150
338498
358607
344063
315273
366521
346390
348125
347622
363936
357260
341977
338995
326579
307968
358989
388354
322722
346803
322407
331786
352693
326645
331479
334478
353228
385644
331986
317911
313465
386435
344239
355865
346553
349273
334050
361570
340574
354073
358767
342199
306547
345478
354091
333967
339384
310477
318708
322642
328774
352902
348960
329353
357506
322904
330201
328281
308227
299397
370960
335543
370644
333387
318017
311257
314820
323411
326713
351462
333274
337268
344200
315781
327821
351323
329097
341214
341567
305661
333247
312099
327782
338230
342008
336126
320096
333569
333724
301954
312515
301876
344586
332873
326728
316172
301766
295848
303044
304186
340989
321889
336927
316910
329393
331459
316364
302747
341264
336455
319573
316362
328944
310461
316603
308853
298537
298511
331169
291641
329642
318869
288033
299697
299929
328663
285070
315889
334160
316511
324698
300528
289769
297765
306892
327827
292432
326456
329524
299899
304736
301505
306257
293555
319684
338849
307979
307387
320137
324714
299127
301739
303127
326617
326295
325398
287691
292075
324146
344838
316578
288921
318501
306777
299583
295914
312495
310586
334741
290343
303292
324920
317620
305305
324536
311879
308973
304148
330655
279988
316643
307368
311728
291788
304875
332781
334566
300890
305704
320676
318293
321710
340198
319036
315021
334622
309869
315318
291010
321876
290835
334947
329040
317112
293372
328483
312980
330166
343368
325385
312425
319130
327368
324350
298030
305097
319009
276774
337862
291917
311107
295746
306681
313082
298410
316672
306784
317416
301888
310960
325953
304133
300816
286111
319779
324576
338894
318785
303000
306652
291723
299610
320076
299235
315397
315192
288258
314708
316673
316360
300505
322264
291266
321964
324605
267293
321997
307449
308525
315325
294113
286530
296719
305523
295737
292174
302652
325210
297168
289375
308335
297070
308335
289375
297168
325210
302652
292174
295737
305523
296719
286530
294113
315325
308525
307449
321997
267293
324605
321964
291266
322264
300505
316360
316673
314708
288258
315192
315397
299235
320076
299610
291723
306652
303000
318785
338894
324576
319779
286111
300816
304133
325953
310960
301888
317416
306784
316672
298410
313082
306681
295746
311107
291917
337862
276774
319009
305097
298030
324350
327368
319130
312425
325385
343368
330166
312980
328483
293372
317112
329040
334947
290835
321876
291010
315318
309869
334622
315021
319036
340198
321710
318293
320676
305704
300890
334566
332781
304875
291788
311728
307368
316643
279988
330655
304148
308973
311879
324536
305305
317620
324920
303292
290343
334741
310586
312495
295914
299583
306777
318501
288921
316578
344838
324146
292075
287691
325398
326295
326617
303127
301739
299127
324714
320137
307387
307979
338849
319684
293555
306257
301505
304736
299899
329524
326456
292432
327827
306892
297765
289769
300528
324698
316511
334160
315889
285070
328663
299929
299697
288033
318869
329642
291641
331169
298511
298537
308853
316603
310461
328944
316362
319573
336455
341264
302747
316364
331459
329393
316910
336927
321889
340989
304186
303044
295848
301766
316172
326728
332873
344586
301876
312515
301954
333724
333569
320096
336126
342008
338230
327782
312099
333247
305661
341567
341214
329097
351323
327821
315781
344200
337268
333274
351462
326713
323411
314820
311257
318017
333387
370644
335543
370960
299397
308227
328281
330201
322904
357506
329353
348960
352902
328774
322642
318708
310477
339384
333967
354091
345478
306547
342199
358767
354073
340574
361570
334050
349273
346553
355865
344239
386435
313465
317911
331986
385644
353228
334478
331479
326645
352693
331786
322407
346803
322722
388354
358989
307968
326579
338995
341977
357260
363936
347622
348125
346390
366521
315273
344063
358607
338498
355150
349648
378567
347815
377275
357351
351358
365701
354292
365707
387658
358828
354173
372560
372504
344647
349725
347432
356676
396849
363993
357217
372456
332203
338592
345317
377198
362030
346792
360943
340857
380010
339209
353962
349329
370775
334286
366223
369941
364087
351942
353563
402329
349884
376381
369683
371033
368380
337204
387448
364242
385219
369228
361316
342594
359740
375473
354676
370586
335311
398751
385674
366432
367178
371930
376971
358468
408012
393167
369470
378708
339209
387803
405047
371214
373154
355540
378393
355491
418096
357450
381096
361804
378253
359573
379099
392676
367796
401079
369753
370914
371851
371983
373070
408956
380862
404137
398081
404677
431188
386901
382423
408416
409725
409123
416883
440239
460618
420019
462706
514201
522187
550330
567127
650848
660721
681600
766145
812834
877743
951368
1032103
1159075
1308769
1381611
1631736
1889842
2148729
2436239
2704798
